3433 2207 17808
3374 2908 16147
3374 2908 16147
3124 2964 17021
3405 3594 16840
3463 3645 16910
3533 3681 16679
3527 3532 16740
3584 3328 17070
3554 3132 16881
3653 3056 16605
3531 2580 16770
3330 2653 16782
3233 2600 16688
3000 2547 16598
3058 2542 16418
2985 2508 16488
3035 2557 16521
2975 2421 16717
3402 2397 16262
3370 2398 16503
3320 2177 16491
3494 2051 16360
3437 2028 16419
3369 1836 16438
3491 1716 16525
3507 1821 16233
3489 1811 16389
3521 1903 16225
3474 2022 16412
3488 2154 16620
3281 2193 16692
3443 2338 16675
3208 2341 16561
3432 2486 16595
3415 2483 16812
3389 2735 16825
3625 2774 16808
3467 2705 16925
3390 2704 17062
3314 2699 16873
3079 2537 17137
2984 2472 16890
2736 2362 16856
2613 2232 16907
2212 2105 16977
2221 2238 16789
2002 2251 16936
1890 2427 16969
2029 2654 16887
1986 2823 17244
2035 3179 17201
1934 3416 17064
2024 3708 17165
2099 3996 17251
1994 4223 17268
1968 4401 17095
1970 4334 17287
1956 4274 17030
2092 4565 16883
1964 4504 16896
2194 4616 16780
2240 4808 16973
2436 4653 16614
2601 4611 16314
2726 4741 16434
2856 4846 16260
2911 4645 16232
3084 4538 16062
3269 4425 16011
3082 4093 16048
3476 4037 15982
3498 4045 15880
3698 4155 15932
3584 4079 16005
3673 4109 15692
3631 4117 15861
3472 4000 15594
3460 3814 14966
3583 3862 14705
3466 3877 14369
3512 3794 14222
3239 4027 14282
3368 4124 14152
3245 4113 14263
3112 4368 14279
4148 2601 15080
3009 4045 16057
3611 4766 15090
3765 3698 12821
3609 3966 15173
4132 4554 16804
4030 847 18283
9240 160 24874
9344 -2728 24467
8099 -361 17918
6476 1077 16572
2821 1795 14703
1664 3482 14895
1404 3677 13268
1439 3680 13890
1897 3009 13545
2163 2728 13946
2198 2255 15896
2530 2053 16581
2654 2307 17198
2859 2374 17652
2590 2165 18177
2678 1766 18303
2665 1315 18766
2676 612 19347
2977 47 19551
3257 -285 19848
3610 -649 20475
3943 -747 20764
3983 -581 20971
4014 -425 20519
3662 -192 20459
3304 -325 20123
3129 -469 19718
2992 -1004 19663
2792 -849 19633
2530 -887 18338
1949 -1607 17923
1954 -1479 17680
1725 -1699 16612
3932 966 7991
4823 3726 -67
755 990 17426
4393 1723 15382
1748 -379 23558
3460 1170 22076
2487 50 20225
2589 673 19827
2271 817 18375
1142 1108 17871
724 1350 17912
546 1099 18001
889 1593 18119
1240 1586 18244
1207 1556 18285
1080 1669 18094
1083 1646 17832
1041 1880 17400
1210 1727 17379
1387 1813 17335
1208 1429 17163
1111 300 16255
788 -240 15393
372 -951 14800
49 -1492 14134
-167 -2400 13816
-599 -2821 13846
-719 -3518 14497
-219 -4979 16092
138 -7503 16187
949 -5924 17354
1082 -4613 17265
1321 -4489 17837
2241 -3712 18014
2463 -3718 18042
2705 -3758 17797
2397 -4650 16290
1684 -4931 15519
1142 -5330 15026
1231 -5751 14689
998 -5963 14956
1901 -5548 15547
2297 -4736 16827
2780 -3397 17662
3691 -2321 18218
3916 -1838 18547
4086 -1883 17909
3929 -1005 17848
3529 -1108 17706
3347 -961 17315
2970 -555 17069
2671 58 16398
2827 134 16183
2836 1119 17507
2909 1978 18477
2988 2574 18273
2667 2676 18055
2403 2522 17328
2289 2943 16510
2186 3268 16075
2203 3617 15644
2045 3867 15154
2224 3427 15246
1922 3087 15847
1986 2693 16016
2194 2118 16287
2163 1155 16827
2250 325 17925
2158 256 17231
2041 571 16034
2085 286 15158
2051 248 15265
2206 322 15045
2521 310 15075
2955 684 15486
3324 477 15223
3353 490 15165
3666 -384 15101
3639 -744 14694
3787 -1190 14565
3552 -1690 14554
3846 -1568 14760
4070 -1475 14826
4194 -1115 15512
4630 -525 15369
4602 -353 15617
4604 -298 15835
4470 -458 15594
4371 -500 15886
4315 -592 15557
4282 -594 15217
4307 -551 15132
4140 -764 15381
4085 -801 15213
4043 -978 14993
4282 -1224 15019
4190 -1506 15171
4328 -1402 15058
4217 -1311 15424
4319 -1216 15212
4171 -1267 15601
4304 -1015 15846
4205 -834 15979
4312 -297 16141
4181 -173 16312
4230 161 16270
4381 729 15856
4255 930 16204
4104 914 16073
3973 958 15977
3575 1077 16181
3620 1025 15990
3431 918 15954
3432 433 16233
3138 252 16274
2987 149 16282
2918 213 16256
3105 52 16386
3112 132 16552
2961 133 16416
2784 -20 16257
2600 147 16341
2462 104 16483
2443 29 16445
1973 -113 16353
2024 -397 16041
1947 -473 15870
1792 -378 15752
1785 -294 15661
1833 -406 15911
1868 -479 15950
1743 -385 16023
1785 -783 15789
1583 -809 15768
1794 -814 15807
1849 -835 16074
1942 -620 16308
2318 -765 16593
2161 -925 16584
2406 -826 16461
2363 -887 16298
2316 -713 16659
2349 -503 16917
2317 -477 16903
2347 -395 17040
2639 -562 17001
2519 -618 17270
2686 -726 17127
2722 -912 17272
2864 -1071 17138
2926 -1228 17147
3073 -1037 17084
3057 -1032 17257
3126 -775 17398
3371 -119 17572
3473 205 17598
3402 431 17887
3416 593 17722
3421 737 17628
3358 816 17603
3468 863 17468
3432 857 17408
3484 915 17476
3479 835 17365
3373 829 17257
3300 586 17262
3044 432 17321
3017 324 17499
2837 472 17325
2874 269 17308
2833 231 17292
2692 229 17315
2727 279 17269
2678 403 17218
2669 326 17401
2557 370 17221
2713 467 17112
2577 374 17004
2549 315 17174
2549 313 17092
2376 136 17013
2356 254 16908
2299 226 16817
2240 385 16924
2245 368 16749
2346 314 16844
2323 418 16883
2121 522 17087
2221 575 16896
2491 720 16564
2262 684 16668
2054 570 16942
1840 427 16803
2145 388 16647
2050 369 16504
2002 240 16778
1966 259 16733
1926 173 16656
1586 147 16972
1876 126 16945
1959 155 16651
2012 -8 16831
1787 25 17066
1983 13 17227
2024 -163 16914
2042 -160 16914
1967 -327 17036
1959 -320 16675
1877 -216 16951
1731 -26 16995
1874 -241 17093
1981 -191 17020
2004 -232 16997
1967 -314 16882
1903 -255 17082
2001 -508 17015
1928 -326 16961
2055 -374 16896
1814 -486 16924
1982 -603 16803
1872 -628 16922
1870 -668 16849
1937 -746 17086
1979 -659 17017
1831 -704 17117
1941 -676 16912
1964 -732 16914
2018 -741 17058
2064 -775 17206
2151 -744 16746
2167 -936 17108
1996 -1011 17188
1988 -1072 17278
2221 -1076 16973
1956 -947 17239
1888 -980 17216
1981 -717 17176
1941 -730 17135
1963 -579 17290
1734 -473 17340
1952 -313 16985
1858 -281 17082
1818 -169 17059
1767 -172 17145
1915 -98 17010
1737 18 17145
1533 -26 17375
1543 90 17296
1486 266 17075
1419 261 17383
1355 333 17214
1203 536 17419
1150 540 17229
1301 520 17311
1277 535 17051
1223 505 17072
1163 538 16898
1221 595 16761
1182 616 16805
1116 754 16833
1009 574 16783
1057 594 16915
860 429 16731
835 738 16889
957 705 16491
813 685 16725
809 657 16918
918 695 16647
882 602 16803
1035 548 16760
942 473 16759
977 328 16668
1133 259 16533
1156 37 16621
1030 -29 16746
971 -359 16570
972 -342 16382
847 -353 15180
7 -894 16477
737 -233 15432
354 268 16946
600 138 16242
581 364 16667
467 485 16515
482 342 16575
640 543 16516
500 580 16575
1068 1060 16805
1258 937 17058
1471 844 17307
1425 802 17141
1222 658 17269
1188 523 17172
1132 593 17085
1277 695 16768
1428 574 17018
1481 600 16888
1458 524 17118
1768 682 17122
1493 603 17271
1502 669 17258
1751 714 17149
1632 574 17076
1658 600 17021
1782 777 17099
1856 904 16929
1689 822 17052
1634 899 16928
1569 871 17260
1725 875 17275
1794 947 17297
1882 860 17146
1917 767 17291
2144 697 17192
2319 747 17231
2296 794 16898
2203 1003 16953
2211 1101 16896
2079 1122 17093
1837 1178 16837
2097 1020 16535
2043 941 16564
2263 819 16583
2091 739 16665
2075 777 16787
2103 758 16619
2183 785 16593
2010 750 16591
2083 751 16660
1987 766 16724
2016 855 16432
1911 731 16442
1889 709 16531
1926 776 16659
1938 672 16745
1998 673 16804
1937 702 16900
2072 557 16839
2051 425 16876
2009 444 16994
2004 409 16789
2096 421 16728
1953 402 16791
1901 307 16774
2049 359 16662
1904 194 16758
2033 332 16797
1968 281 16797
1908 6 16722
1868 188 16810
1924 293 16663
2014 394 16698
1842 87 16786
1924 130 16738
2042 -43 16768
1749 -71 16667
1848 -184 16705
1999 -237 16729
2077 -288 16668
2089 -365 16586
2172 -363 16623
2266 -521 16829
2422 -531 16732
2495 -454 16366
2356 -437 16495
2495 -217 16502
2389 -5 16827
2470 165 16766
2171 79 17113
2261 305 17379
1967 327 17294
1919 440 17608
1786 551 17692
1764 523 17780
1762 608 17741
1846 559 17661
1648 633 17586
1480 505 17653
1559 624 17861
1500 599 17715
1426 573 17621
1448 765 17550
1538 851 17377
1527 759 17346
1629 796 17252
1546 627 17268
1398 543 17584
1480 363 17364
1341 349 17246
1468 330 17249
1729 459 17079
1380 401 17054
1465 424 16762
1508 433 16822
1388 515 16520
1173 409 16779
1456 434 16491
1096 311 16757
1327 349 16387
1368 38 16706
1348 93 16627
1415 22 16546
1357 -9 16586
1297 -46 16532
1130 -153 16722
1082 -136 16739
1030 -26 16746
1005 87 16602
874 161 16486
890 141 16590
961 200 16697
825 19 16654
1057 13 16584
1008 90 16400
1233 333 16284
1304 407 16186
1125 336 16140
1157 345 15731
1106 188 15790
811 -8 15932
695 -338 15933
508 -469 16083
491 -616 15926
376 -711 16008
278 -667 16175
306 -671 16068
536 -501 16229
505 -547 16182
606 -499 16279
599 -349 16288
695 -222 16294
663 -183 16435
802 45 16159
643 34 16239
682 5 16438
552 -176 16632
537 -189 16567
586 -336 16671
647 -463 16637
733 -482 16746
751 -279 16832
842 -527 17057
855 -559 16944
734 -667 17063
954 -537 16901
973 -547 16986
1009 -545 17107
915 -619 17197
854 -506 17057
696 -595 17368
583 -586 17330
602 -583 17357
658 -767 17293
472 -584 17466
626 -581 17519
672 -421 17338
635 -404 17424
601 -397 17294
492 -260 17505
533 -501 17303
467 -652 17633
445 -877 17764
584 -795 17671
730 -676 17531
1034 -521 17377
977 -495 17410
937 -382 17340
1011 -409 17066
918 -406 17280
895 -387 17343
1129 -252 17252
1085 -176 17223
1185 17 17007
1022 467 17161
1051 754 17001
1021 800 17083
731 1047 17162
623 1068 17270
519 1116 17302
233 1216 17049
338 1143 16992
108 996 17228
98 983 17383
-28 890 17489
19 968 17501
-15 1079 17393
25 1166 17509
211 1292 17424
152 1465 17885
287 1476 17733
292 1473 17595
351 1464 17582
434 1449 17534
399 1425 17442
292 1391 17402
448 1345 17488
400 1255 17622
558 1281 17410
654 1342 17493
794 1499 17643
863 1477 17332
858 1347 17448
846 1327 17381
927 1272 17293
502 1183 17181
375 1185 17391
463 1293 16948
46 1317 16965
77 1371 16829
189 1393 16922
12 1285 17004
154 1212 17017
-112 1118 17163
257 1065 17095
334 1053 17400
508 915 16969
309 824 17056
126 793 16950
86 590 16792
161 631 16752
142 599 16968
310 602 16992
201 425 17258
334 242 17233
346 -496 17281
441 -816 17259
1531 -1551 17494
855 -3061 16064
779 -1983 16610
1091 -2487 16957
1160 -1981 17423
1145 -2330 17601
1196 -2382 17816
944 -1830 17705
954 -1768 17744
880 -1034 17984
873 -628 18268
930 -468 18564
1018 -433 18185
916 -157 18122
730 -98 17675
729 40 17322
642 10 17300
539 -61 17374
608 213 17407
599 -23 17317
583 80 17476
630 287 17479
649 475 17368
669 647 17242
800 694 17511
563 748 17283
577 798 17370
476 591 17050
566 534 17114
632 501 17111
502 265 17332
834 204 17279
894 19 17311
1239 -106 17091
1206 -266 17322
1287 -288 17363
1532 -298 16985
1246 -213 16912
1059 -278 16725
930 -389 16850
968 -369 16989
894 -452 16910
1099 -418 16889
961 -438 16953
1134 -284 17013
918 -213 17102
884 -59 16883
736 -45 16871
514 69 17023
538 122 16870
421 -15 17063
718 90 17183
801 77 16980
788 231 17055
989 525 17068
1110 519 17114
1174 486 17229
1255 603 17389
1216 541 17371
1316 693 17254
1002 505 17415
904 420 17453
767 403 17050
840 152 17144
801 94 16986
991 -155 16911
964 -224 17133
999 -210 17095
1234 -2 17010
1055 -135 17078
962 -83 17080
792 -231 16870
707 -230 17094
674 -328 16828
675 -386 16815
296 -306 16713
337 -328 16737
187 -367 16702
-95 -474 16642
-114 -413 16586
-196 -425 16624
-197 -53 16565
-273 -90 16525
-385 -213 16205
-368 159 16339
-304 238 16314
-213 269 16460
-152 179 16551
-108 222 16552
-189 252 16680
-13 -27 16925
-10 -116 16876
28 -330 17063
-58 -314 16861
-7 -218 16859
-20 -95 16709
-182 -53 16700
-150 -47 16475
-353 -191 16691
-194 -89 16645
-175 33 17107
71 259 16927
164 307 16886
270 373 16987
207 508 17080
61 542 17117
-12 561 16949
-192 575 16986
-429 450 16938
32 1062 17113
1870 4986 19017
18285 4627 22541
23546 470 16895
16029 2423 15159
5539 2790 17865
-2735 1229 19328
-7012 589 19044
-7019 1877 19003
-5067 31 17396
-1729 -332 17034
-2534 -2606 20242
294 -4922 18233
2265 204 18456
3963 259 18110
4334 -133 17384
2505 543 17070
1411 755 17333
44 605 16948
-671 389 17238
-698 492 17089
-171 529 16842
882 604 17048
1163 933 16894
1173 1355 16607
871 1562 16380
778 1786 16344
1040 2299 16302
1355 2346 16281
1705 2499 16166
1990 2355 16060
2215 2237 16226
2454 2037 16003
2390 961 16054
2735 1267 16371
2770 1462 16418
3052 1857 16670
2315 1932 16857
2313 1836 16891
2041 1614 16941
1677 1452 16774
1442 1291 16942
1340 1038 16841
1301 1033 16715
1169 800 16637
1213 956 16726
1193 1068 16699
1243 1222 16966
1081 1387 16835
900 1441 16810
783 1281 17006
688 1224 16882
498 1081 17024
355 821 16795
536 1130 16922
457 985 16826
606 1199 16787
563 899 16927
671 1026 16651
488 853 16751
649 1246 16846
600 1192 16853
621 1418 16902
635 1064 16964
881 1120 17013
788 1029 16988
915 1035 17052
1025 1078 17032
866 821 17028
965 797 17047
782 680 17058
632 697 16909
656 769 16836
534 831 17037
328 756 17163
481 872 17210
446 1052 17269
309 1158 17140
446 1129 17322
608 1093 17112
650 1046 17125
567 916 17241
758 1033 17090
827 1003 17099
665 953 17250
676 1017 17042
621 1008 17267
524 1045 17253
704 1077 17279
654 999 17289
939 846 17453
1033 762 17388
1119 977 17484
1107 563 17525
1134 432 17428
1097 162 17317
705 -230 17484
565 -256 17344
409 -383 17285
401 -391 17398
600 -503 17236
584 -583 17270
852 -669 17204
1020 -578 16980
1120 -588 16913
1138 -425 16937
1256 -428 16873
1326 -132 16937
1346 78 16919
1315 227 16956
1179 479 17286
1171 598 17079
995 500 17099
971 530 17039
947 528 17093
881 556 17103
721 664 16906
1012 621 17087
1041 534 17053
1121 410 17158
1179 448 16981
1192 376 17022
1061 319 16985
1266 358 16878
1272 241 16911
1550 226 16775
1740 112 16681
1844 -29 16865
2008 -303 16961
2147 -486 17082
2184 -505 17021
2223 -632 17112
2049 -683 17035
2000 -558 16776
1744 -465 16987
1463 -434 16974
1363 -311 17088
1267 -268 16867
1198 -146 16810
1175 -234 17003
1139 -137 16757
1354 -147 16853
1372 -107 17039
1470 32 17142
1513 -21 17297
1574 124 17077
1467 375 17111
1276 430 16873
952 507 16971
976 665 17023
567 698 16782
590 801 16734
632 915 16777
412 891 17071
634 1061 16813
669 1042 17152
897 1134 17058
816 1050 17177
875 1023 16969
1127 867 17208
1365 924 17146
1518 809 17166
1284 961 17070
1081 902 17404
1128 959 17208
855 974 17144
557 946 17370
599 1272 16993
522 1304 16963
564 1284 17031
519 1191 17097
694 1144 16885
594 1007 17115
674 921 16962
631 926 17039
637 946 17117
577 981 16801
435 904 16797
405 940 16869
342 1061 16965
190 1040 16797
18 1078 16680
297 1087 16839
110 1232 16720
281 1186 16588
297 1210 16663
316 1072 16685
351 974 16593
554 1005 16680
427 887 16850
625 880 16722
492 832 16726
565 886 16813
475 823 16796
372 884 16966
386 995 16855
295 1027 16717
415 1014 16775
574 1116 16624
428 1101 16738
639 1140 16689
548 1081 16740
443 1010 16711
420 961 16637
634 1089 16519
630 1091 16871
478 932 16780
427 1045 16874
469 918 16704
454 988 17055
431 943 17127
447 863 16962
488 845 17212
655 899 17043
526 732 17043
601 666 17029
506 629 17218
543 661 17072
412 587 17092
577 601 16953
378 478 17225
323 464 17230
448 571 17224
329 465 17106
630 484 17233
608 480 17045
433 369 17292
520 612 17237
625 718 16946
609 768 17151
665 951 16950
591 860 17256
716 1006 17186
828 895 16997
720 893 17231
871 988 17133
798 814 17152
815 867 17299
707 784 17118
991 858 17103
872 876 17262
1142 948 17220
1122 1007 17059
968 995 17216
1099 1042 17290
1034 1108 17202
994 1033 17082
826 1018 17076
1052 907 17096
823 870 17121
905 903 17010
940 889 17104
1018 865 17012
910 752 16882
1095 889 17007
973 739 16933
1012 812 17001
829 665 16941
965 638 16810
858 597 16551
952 563 16697
991 514 16502
1063 549 16524
791 486 16490
942 555 16236
793 507 16115
819 580 16333
696 469 16357
791 519 16334
732 349 16468
654 402 16469
674 379 16500
696 521 16642
826 537 16585
773 330 16679
816 582 16595
760 552 16773
809 593 16777
797 652 17004
765 612 16913
589 546 16928
609 525 17028
738 701 16887
595 736 17121
668 784 17141
778 805 16941
731 804 17073
618 773 17032
566 904 17152
494 963 17077
559 1019 17168
623 990 17291
719 983 17246
692 998 17337
751 950 17279
786 949 17370
727 797 17411
826 769 17525
653 962 17470
834 733 17525
800 660 17456
880 735 17403
893 604 17382
946 643 17183
777 664 17118
874 643 17079
860 634 17120
762 547 16987
743 590 17032
621 544 16950
578 473 16872
452 454 17025
447 457 16706
256 504 16711
359 495 16913
441 492 16837
416 472 16871
574 561 16861
696 539 16747
603 563 16799
633 679 16877
616 736 17035
696 858 16933
493 819 17103
483 842 16894
288 921 16815
496 879 16835
579 858 16970
644 812 16849
827 859 16839
791 776 16670
962 679 16968
970 724 16901
963 672 16969
986 871 16916
948 813 16928
882 879 16890
899 961 16865
1000 1041 16870
911 1008 16961
963 906 17138
951 922 16936
936 804 16810
988 833 17009
1033 872 17026
1241 939 16841
1161 944 17063
1250 1031 16897
1209 1055 16821
1104 1032 16799
1131 1091 16804
1035 1128 16870
1072 1104 16934
971 1105 16953
1002 1193 17031
1117 1084 16966
1124 1132 16956
1053 770 17013
1175 1017 17058
1085 879 17149
1278 987 17001
1315 643 16949
1253 684 17011
1254 718 16887
1293 616 16922
1233 597 17094
1262 286 17232
1397 476 17246
1286 529 17179
1142 316 17081
1207 501 16938
1176 576 17115
1015 739 17247
1360 857 17277
1352 871 17263
1505 849 17178
1557 860 17299
1508 736 17332
1641 760 17281
1687 744 17298
1671 787 17279
1815 839 17421
1615 889 17264
1508 812 17429
1585 888 17343
1380 946 17423
1436 1078 17281
1459 1009 17352
1471 1043 17164
1314 1110 17181
1330 1100 17428
1234 1000 17306
1164 977 17480
1322 889 17280
1163 822 17197
1057 725 17173
889 669 17056
715 570 17085
745 630 16877
648 752 16921
621 729 16846
563 810 16751
264 838 16761
4 735 16740
-76 834 16894
-157 1107 16743
-320 1346 16727
-463 1374 16670
-562 1486 16648
-532 1528 16626
-579 1644 16749
-534 1530 16697
-608 1432 16803
-704 1453 16769
-445 1426 16758
-343 1418 16759
-272 1407 16844
-25 1458 16742
-48 1490 16721
13 1596 16808
14 1573 16815
109 1569 16695
237 1711 16475
353 1650 16384
488 1448 16413
690 1299 16719
1340 1013 16652
2951 1945 16886
9265 3369 18512
32732 3761 21770
30347 3374 18356
14343 2120 17385
-8702 -20 19697
-8576 1435 17195
-6203 1308 9665
-3016 -1495 15052
52 -3704 12695
2208 -969 17681
4351 557 15396
3883 154 16679
3588 1564 14599
2139 1276 16018
-84 1287 18426
-343 1217 16433
2150 2001 16339
2453 2147 17516
2653 1724 16946
1897 2032 16630
1807 1922 16807
1669 1590 16624
1621 1571 16106
1366 1445 16329
1468 866 16385
2003 747 16394
2033 662 16670
2109 26 16643
2264 -203 16791
2190 -42 16642
2360 299 16702
2340 458 16880
2582 738 16780
2797 342 16877
2473 179 16787
2409 158 16806
2530 102 17080
2486 178 17251
2451 144 17350
2652 235 17296
2409 239 17551
2481 288 17430
2469 316 17451
2445 385 17357
2254 382 17723
2238 720 17375
2025 735 17507
2086 894 17316
1902 1229 17412
1758 1191 17460
1772 1251 17392
1619 1299 17412
1637 1372 17455
1615 1292 17507
1622 1503 17279
1710 1596 17285
1579 1580 17355
1408 1621 17096
1386 1606 17270
1329 1765 17352
1243 1682 17241
1199 1687 17214
1210 1729 17416
1183 1591 17412
1124 1555 17152
993 1349 17157
1031 1258 17045
888 1161 17081
889 1179 16968
685 1224 17044
745 1380 16884
670 1412 17099
614 1443 16981
741 1403 16986
640 1414 17040
685 1471 16951
607 1364 17057
793 1071 17052
702 962 17216
856 1048 17016
984 1261 17067
886 1013 17076
969 985 16963
860 1203 16876
887 897 17055
1017 992 16738
873 1047 16811
1114 962 16968
1162 906 16889
1160 918 16933
1505 826 16773
1492 883 17001
1403 850 16762
1395 872 16906
1559 792 16925
1564 846 16722
1410 844 16651
1327 887 16746
1237 775 16667
1410 1030 16520
1298 905 16688
1174 880 16583
1298 891 16663
1306 892 16812
1151 969 16670
1223 970 16780
1258 1074 16659
1347 1119 16640
1386 1044 16571
1275 1090 16685
1459 968 16648
1215 966 16790
1116 919 16818
1235 879 16655
997 783 16861
1072 781 16719
1123 812 16712
918 830 17015
929 921 16833
1135 962 16817
961 1020 16861
1070 1051 16735
1052 804 16761
1011 762 16855
937 652 16922
994 560 16806
804 561 16941
793 473 17036
684 426 17113
618 406 17149
651 358 17111
710 307 17066
652 281 17070
595 343 17079
727 375 16980
643 384 16918
594 362 16968
431 263 16795
441 378 16854
380 294 16971
464 369 17009
442 467 16943
619 575 16983
739 647 16939
624 640 16956
613 615 16829
575 421 16843
650 343 16948
663 353 16772
707 332 16872
687 415 16677
655 270 16658
553 233 16793
803 190 16852
887 237 16650
951 250 16830
1017 260 16759
1031 372 16708
1118 467 16793
1252 481 16843
1152 467 16967
1198 605 17006
1248 561 16826
1474 657 16822
1297 595 16840
1320 528 16798
1427 572 16766
1375 554 16893
1543 753 16759
1439 680 16904
1464 593 16996
1700 681 16902
1671 548 16900
1761 265 16895
1689 99 16915
1718 67 16729
1432 -40 16862
1232 -167 16911
1419 6 16667
1203 -269 16709
1255 -405 16677
1358 -477 16710
1522 -314 16768
1686 -231 16759
1785 -244 16657
1676 -152 16523
1727 -161 16520
1490 -107 16222
1604 -75 16036
1625 -148 15875
1522 -58 16128
1463 -53 16156
1416 -40 16269
1449 -509 16268
1395 -1374 15569
1393 -461 15850
1216 -182 15974
1213 -402 15967
1108 -219 16012
918 -367 16445
928 -55 16544
855 -34 16715
1238 417 16604
1073 623 16624
1120 876 16652
1165 1171 16584
1393 1171 16554
1504 1141 16444
1788 1086 16378
1866 1039 16330
1896 792 16260
1997 666 16270
2063 410 16233
1915 -199 16349
2149 -466 16388
2147 -672 16371
2234 -1089 16348
2329 -1384 16125
2503 -1536 16353
2667 -2047 16280
2560 -2190 16318
2442 -2363 16375
2482 -2730 16311
2283 -2729 16364
2111 -2700 16503
1960 -2498 16596
1936 -2345 16531
1845 -2262 16971
1675 -1955 17287
1692 -1851 17391
1529 -1844 17562
1721 -1582 17715
1725 -1511 17583
2008 -1447 17536
2028 -1255 17710
1961 -1220 17517
2283 -1052 17545
2200 -988 17443
2237 -813 17277
2135 -526 17568
2087 -757 17493
2108 -766 17485
2003 -867 17186
2018 -897 17426
2062 -1132 17438
2035 -1228 17381
2272 -1404 17311
2250 -1465 17502
2355 -1377 17495
2515 -1610 17573
2346 -1633 17523
2530 -1416 17798
2296 -1739 17909
2244 -1854 17529
2239 -1719 17803
2056 -1632 17773
2037 -1642 17845
2105 -1323 17628
2350 -1133 17602
2388 -984 17505
2591 -628 17400
2714 -734 17482
2649 -872 17446
2585 -1248 17472
2556 -1284 17392
2509 -1490 17472
2401 -1655 17345
2264 -1654 17197
2233 -1701 17238
1796 -1746 17250
1991 -1726 17096
1904 -1795 17242
1981 -1808 16998
1753 -1983 17110
1932 -1915 16650
1940 -1881 16781
1630 -1976 16857
1591 -2094 16914
1579 -2307 16857
1647 -2230 16766
1613 -2230 16884
1380 -2318 16727
1406 -2292 16508
1253 -2344 16601
1302 -2395 16508
1252 -2355 16405
1310 -2373 16393
1341 -2387 16324
1273 -2451 16526
1492 -2348 16581
1444 -2443 16690
1319 -2634 16842
1291 -2788 16921
1408 -2798 16997
1491 -2878 16906
1509 -2948 17048
1654 -3020 17138
1654 -2993 16890
1613 -3012 16981
1763 -3185 17009
1793 -3134 17069
1810 -3281 16854
1771 -3203 17069
1756 -3106 16926
1720 -2882 17085
1690 -2803 17126
1735 -2545 16937
1718 -2273 17322
1659 -2221 17355
1727 -2122 17616
1601 -2011 17677
1525 -2051 17806
1631 -1946 17577
1296 -1992 17684
1653 -2027 17621
1487 -2051 17526
1406 -1855 17916
1712 -1782 17698
1704 -1620 17588
1868 -1631 17796
1979 -1627 17709
1945 -1629 17424
1613 -1624 17778
1708 -1672 17819
1485 -1723 17688
1618 -1761 17872
1604 -1761 17688
1569 -1691 17458
1500 -1663 17488
1398 -1668 17400
1427 -1515 17509
1339 -1482 17420
1480 -1389 17305
1249 -1529 17677
1213 -1251 17562
1232 -1195 17543
1212 -1236 17454
1232 -1379 17510
1270 -1393 17389
1108 -1536 17430
1223 -1442 17372
1073 -1426 17361
1061 -1313 17393
1129 -1269 17030
1147 -1237 16890
1163 -1389 17032
1232 -1321 16881
1352 -1457 16913
1292 -1394 17086
1346 -1464 16989
1226 -1546 17196
1415 -1587 16789
1225 -1558 17145
1120 -1616 17052
1189 -1584 16842
1038 -1571 16853
1035 -1595 16828
1098 -1588 16519
1222 -1670 16537
1007 -1495 16820
976 -1558 16781
1174 -1661 16826
1227 -1681 16680
1011 -1665 16970
1180 -1605 16741
1143 -1929 16580
978 -2059 16700
1116 -2127 16581
1139 -2150 16486
868 -1929 16737
901 -1890 16455
897 -1929 16771
866 -1741 16574
1116 -1701 16737
946 -1736 16527
1132 -1721 16782
1022 -1840 16722
924 -1908 16600
956 -1817 16540
988 -1964 16493
994 -1946 16617
907 -2056 16547
1018 -2077 16369
553 -2172 16678
736 -2207 16723
832 -2348 16698
761 -2368 16704
931 -2423 16766
848 -2403 16673
1006 -2365 16484
955 -2398 16703
851 -2355 16578
838 -2286 16771
934 -2211 16843
904 -2298 16532
891 -2203 16741
963 -2179 16832
961 -2084 16860
804 -2030 16869
890 -1971 16779
991 -1997 16818
971 -1900 17007
893 -2011 16976
820 -1937 17024
1134 -1874 16864
917 -1858 16934
938 -1933 16902
979 -1777 17076
861 -1911 16750
946 -1739 16756
948 -1726 16837
1011 -1608 17108
881 -1941 16852
928 -1860 17070
795 -2022 17069
941 -1936 16867
1118 -1796 16742
991 -2011 16970
1076 -1951 16871
958 -2012 17010
1151 -1925 16591
1002 -1999 16856
1166 -1847 16826
1208 -1906 16936
1105 -1816 17022
1055 -1799 17057
993 -1748 16941
1245 -1389 17093
1157 -1403 16996
1074 -1446 17082
1323 -1311 16990
1076 -1482 17044
1032 -1440 17241
995 -1439 17194
949 -1414 17062
947 -1148 17221
964 -1009 17310
1091 -995 17084
993 -950 17037
972 -1066 17084
1100 -1184 17162
981 -1114 17125
1034 -1380 17025
1096 -1461 17084
1049 -1595 17025
860 -1786 17418
1021 -1674 17240
1058 -1670 17330
1016 -1867 17338
1232 -1611 17474
1229 -1578 17316
1156 -1501 17217
1250 -1239 17363
1374 -1043 17125
1368 -955 17144
1225 -706 17041
1272 -642 17057
1188 -614 16889
1144 -465 17092
965 -462 17050
1185 -359 16970
990 -358 16859
878 -237 16889
942 -40 16824
884 25 16592
783 220 16704
876 462 16726
738 627 16795
736 669 16647
776 840 16482
686 882 16478
658 823 16567
767 785 16457
585 754 16438
718 676 16398
650 550 16432
666 499 16300
872 500 16239
823 371 16245
926 330 16205
1004 323 16111
1031 468 16157
1020 211 16198
1110 174 16264
1026 59 16308
1166 4 16426
1198 -87 16592
1124 -226 16434
1241 -333 16525
1342 -256 16794
1408 -272 16620
1510 -285 16441
1564 -297 16460
1403 -308 16497
1735 -368 16673
1554 -339 16653
1743 -298 16651
1783 -235 16619
1675 -118 16697
1550 -61 17006
1533 -46 17071
1578 14 17201
1562 72 17141
1465 20 17144
1587 133 16957
1567 -299 16815
1551 -434 16928
1573 -325 17011
1652 -638 16924
1506 -674 16906
1526 -573 17261
1694 -491 17064
1576 -425 17282
1667 -212 17298
1704 -170 17339
1789 -91 17144
1734 -176 17273
1755 -189 17359
1689 -280 17259
1495 -272 17000
1721 -205 17269
1601 -232 17122
1691 -55 17062
1799 36 16927
1625 174 16955
1705 196 17023
1460 177 17040
1550 230 17008
1510 -43 17015
1516 -40 16915
1472 -103 17049
1622 -206 16779
1636 -305 16876
1659 -303 16802
1672 -253 16679
1545 -218 16673
1611 -25 16816
1587 276 16915
1802 290 17170
1877 339 17269
1799 238 16870
1991 186 16912
2005 85 17063
1814 -184 16989
1934 -271 16885
1798 -392 17076
1627 -361 16992
1968 -248 16962
1928 -186 17121
1908 -72 17173
1944 8 17055
1851 2 16773
1833 -95 16972
1793 -101 16802
1758 -117 16816
1749 -183 16842
1736 -120 16988
1607 -16 16799
1508 5 17012
1588 73 16895
1516 98 16918
1574 230 17025
1626 195 17053
1709 210 17065
1794 178 17046
1931 192 16992
2015 97 17038
1974 81 17010
1992 143 17183
1997 96 17206
2102 -75 17390
2071 -53 17385
1997 -165 17491
2253 -188 17233
2272 -302 17286
2178 -419 17289
2388 -445 17410
2444 -488 17365
2506 -573 17254
2500 -578 17092
2614 -612 17238
2309 -718 17265
2462 -692 17450
2390 -638 17329
2473 -603 17515
2520 -396 17383
2357 -355 17345
2291 -182 17364
2161 -128 17179
2040 -158 17334
2077 -100 17106
1987 -150 17251
2081 -105 17087
1785 -216 17209
1937 -198 17132
2032 -159 17304
1942 -54 17259
1979 -45 17164
1983 102 17055
1917 228 17078
1699 115 17191
1644 124 17122
1650 180 16882
1609 101 17086
1431 168 17064
1371 80 17094
1396 87 17181
1362 171 16870
1385 200 16963
1385 22 16673
1385 322 16788
1367 374 16752
1240 467 16764
1103 539 16706
1108 649 16806
846 777 16764
740 926 16856
748 1053 16863
625 1075 16809
669 992 17017
694 959 16838
823 1018 16810
676 969 16957
779 901 17085
940 997 17251
1002 968 17289
934 801 17117
971 500 17334
997 504 17343
1027 345 17179
1093 346 17179
887 194 17250
1023 314 17110
921 273 17191
841 54 17395
786 31 17116
516 105 17389
478 123 17042
222 121 17132
101 85 16916
-45 -8 16880
-300 148 16815
-334 58 16877
-479 312 16956
-736 414 16655
-722 480 16514
-881 673 16361
-1156 643 16320
-1224 711 16382
-1022 723 16151
-1071 657 16159
-1076 685 16192
-738 671 16192
156 1105 15806
2790 2774 15439
12989 5204 18743
32446 3311 18153
28372 1581 14923
16290 4298 17628
-2708 -293 16585
-7622 1748 17627
-7889 4751 16651
-2589 4147 9591
-4530 -1172 21627
-637 -1363 16772
-1128 422 19748
1122 -4123 14446
891 -4971 17625
3257 2936 18268
3737 4099 17929
3381 2027 16841
2083 2519 17174
864 2306 17918
351 1266 16705
385 1496 16440
485 1369 16858
880 1220 16767
1208 1241 17001
1253 1214 16741
1494 1437 16795
1521 1379 16696
1782 1494 16822
1827 1084 16663
2189 1087 16637
2133 882 16779
2261 568 16324
2345 463 16584
2484 808 16566
2553 866 16605
2364 1012 16837
2390 1022 16967
2444 1013 17073
2385 926 17136
2579 797 17123
2571 734 17328
2796 369 17243
2727 245 17175
2643 36 17075
2581 174 17067
2616 336 17126
2349 438 17200
2459 632 17332
2416 680 16996
2211 907 17060
2466 747 17019
2307 724 17088
2414 584 17124
2463 708 17097
2513 594 17238
2478 478 17296
2392 388 17108
2535 301 17177
2236 237 17305
2196 149 17205
2144 211 17280
1986 233 17154
2044 375 17344
1924 328 17422
1728 296 17204
1942 399 17330
1937 359 17265
1802 351 17106
1913 403 17059
1765 326 17093
1605 331 17191
1639 368 17248
1632 254 17388
1508 238 17486
1786 469 17593
1567 467 17344
1358 500 17264
1288 360 17338
1453 458 17300
1364 367 17368
1334 363 16989
1169 299 17093
1165 310 17049
1271 262 17060
1112 149 17140
1297 143 17010
1475 65 16940
1509 153 16786
1600 -63 16704
1712 -392 16940
1618 -484 17215
1845 -411 17118
1828 -391 17020
1452 -492 17265
1470 -453 16978
1184 -438 17032
1268 -457 17137
1342 -336 17075
1355 -197 16739
1409 -339 16777
1374 -418 16933
1546 -601 17006
1604 -419 16998
1508 -444 17345
1344 -312 17236
1354 -176 17130
1276 -266 17322
1277 -18 17280
835 -12 17329
766 110 17180
688 154 17012
659 181 17049
599 136 17001
738 116 17220
930 170 17105
878 204 17025
533 170 16992
916 97 17129
791 -130 17384
940 -321 17333
588 -440 17263
544 -384 17174
672 -234 16968
789 -105 17009
789 45 16870
945 259 16958
930 414 16638
905 444 16846
1137 447 16948
1107 526 16722
1078 637 16993
795 688 16996
797 726 16959
846 583 16950
842 717 17079
660 681 17197
861 822 17311
791 755 17442
892 686 17509
877 609 17430
979 653 17527
948 399 17582
931 377 17535
953 69 17480
1116 -14 17220
1058 -241 17389
1267 -430 17158
1520 -550 17270
1525 -697 17191
1551 -654 17014
1649 -678 17038
1794 -556 16756
1684 -389 17007
1488 -388 17285
1412 -263 17340
1298 -33 17010
1247 148 17109
1468 357 16887
1067 323 17109
1327 322 17099
1479 381 16860
1473 441 16867
1516 482 16932
1548 524 16768
1591 646 16924
1578 829 17043
1393 847 17061
1420 978 16916
1309 930 16770
1058 936 16968
1203 971 17140
873 826 17256
905 701 16933
1125 556 17026
1243 637 16921
1174 819 16802
1298 941 16710
1218 968 16774
1120 975 16835
1079 843 16808
1115 795 16815
1132 703 16834
1091 606 16808
972 456 16860
1127 175 16961
1017 114 16943
1008 -33 16963
983 -134 16954
781 -144 16904
901 -192 16839
978 -250 16652
895 -317 16606
866 -319 16452
982 -311 16409
706 -421 16454
841 -483 16495
1015 -650 16660
1165 -536 16353
944 -682 16560
1115 -672 16539
1122 -613 16627
1179 -642 16446
1276 -680 16189
1228 -661 16166
1064 -356 16716
853 -552 16984
828 -573 16909
794 -800 16877
839 -835 16907
772 -869 16744
748 -1061 16475
640 -1084 16493
627 -1113 16514
477 -955 16440
248 -931 16540
314 -852 16636
88 -613 16426
6 -696 16454
64 -654 16369
119 -618 16408
128 -660 16478
207 -576 16606
304 -633 16636
170 -644 16636
300 -664 16774
235 -555 17028
255 -519 16946
305 -369 16841
305 -466 16863
250 -530 16927
36 -609 17031
81 -466 17128
96 -518 17282
226 -590 17488
28 -675 17408
-118 -835 17791
-22 -1038 17661
-6 -1017 17522
18 -1051 17505
69 -1122 17347
177 -1082 17221
217 -1125 17069
364 -1058 17101
456 -1058 17195
541 -912 17419
235 -859 17747
346 -731 17496
0 -589 17452
285 -515 17335
166 -496 17313
198 -367 17180
257 -265 17108
236 -191 17018
217 -193 16995
398 -244 17045
467 -136 17166
635 52 17214
590 87 17239
529 146 17358
657 225 17532
752 411 17304
680 522 17300
850 703 17311
757 612 17391
806 530 17105
775 533 17142
860 523 17398
910 537 17227
823 413 17399
799 405 17200
931 472 17219
875 467 17090
528 493 17201
768 433 16987
677 411 16896
645 348 16888
452 176 16997
507 63 16890
309 -286 16633
370 -492 16842
410 -433 16614
354 -559 16539
325 -707 16812
500 -592 16700
515 -488 16851
575 -387 16891
556 -380 17328
630 -516 17405
756 -622 17307
788 -888 17147
839 -1371 17145
824 -1650 17086
928 -1994 16944
720 -2107 17188
842 -2090 16831
999 -1903 16904
921 -1894 16968
1041 -1741 16910
769 -1478 16944
1056 -1316 17007
932 -1230 17296
1061 -1141 17089
898 -1104 17108
786 -1144 16936
969 -1144 17093
891 -1126 17161
1014 -1232 17161
899 -1238 17277
901 -1321 17145
874 -1481 17321
818 -1466 17270
688 -1454 17199
888 -1717 17238
816 -1716 17120
868 -1674 17093
654 -1612 17139
882 -1450 17113
844 -1483 17038
755 -1434 17165
880 -1354 16984
890 -1431 17114
999 -1286 17006
644 -1218 17217
458 -1261 17348
449 -977 17157
326 -978 17299
239 -1027 17043
35 -744 17417
145 -598 17266
201 -518 17354
165 -522 17365
140 -420 17323
15 -393 17393
155 -303 17447
177 -336 17508
381 -5 17406
274 -597 17331
504 -714 17115
660 -812 17123
629 -933 17260
736 -919 17138
767 -964 17179
851 -1025 17024
712 -1102 17280
776 -1068 17067
758 -1175 17204
837 -1110 17026
945 -1182 17292
1040 -1098 17260
1017 -1007 17060
1141 -714 17128
1073 -625 17331
1033 -516 17485
1171 -259 17235
1019 -195 17403
954 -266 17514
905 -348 17538
1111 -368 17536
1183 -372 17361
1178 -451 17278
1037 -494 17476
1218 -503 17308
1031 -540 17301
984 -388 17265
1142 -357 17237
949 -180 17174
932 -178 17072
948 -132 16980
849 -112 17126
809 -57 17170
757 247 16897
867 224 16997
782 387 16901
763 493 16737
652 397 16879
723 460 16847
762 371 16773
797 376 16638
894 277 16572
1022 -171 16898
959 -420 16902
1118 -508 16904
1184 -658 16793
1203 -683 16637
1057 -679 16678
1100 -522 16553
1281 -510 16561
1305 -374 16697
1334 -113 16798
1362 -113 16760
1421 -32 16918
1368 64 16691
1393 213 16628
1447 199 16771
1321 224 16644
1414 370 16645
1382 299 16736
1440 341 16689
1571 425 16821
1574 409 17189
1641 405 17227
1727 495 17108
1677 445 17139
1855 441 16900
1718 426 16892
1622 367 16977
1621 316 16847
1608 403 16913
1644 479 17023
1510 516 16922
1594 574 16701
1486 691 16624
1735 722 16631
1631 583 16947
1756 644 16795
1586 644 16659
1607 572 16686
1377 316 16813
1555 399 16754
1466 276 16563
1421 291 16449
1328 305 16601
1269 211 16738
1286 412 16713
1057 566 16521
934 526 16587
959 535 16480
817 640 16424
766 661 16533
679 624 16535
737 761 16388
692 847 16422
565 864 16495
500 713 16286
556 708 16308
474 822 16221
380 667 16139
431 476 16145
307 330 16136
282 89 16151
291 -24 16159
449 -43 16307
500 -287 16029
639 -361 16197
656 -407 16189
575 -443 16471
504 -423 16391
644 -439 16425
614 -236 16256
674 -210 16470
691 -253 16476
827 -35 16728
880 -23 16802
974 65 16713
1195 158 16911
1298 181 16852
1299 202 16695
1467 239 16904
1581 240 16933
1534 231 16797
1275 274 16813
1082 201 16817
1073 226 16877
1059 266 16686
1026 296 16879
1172 262 17108
1146 636 17070
1193 805 17127
1175 999 17112
1157 940 17228
1313 980 17217
1140 1041 17344
1260 1037 17300
1298 863 17516
1391 808 17603
1513 930 17467
1567 816 17580
1686 774 17611
1931 680 17535
2027 784 17769
2027 690 17579
2056 664 17483
2004 645 17564
1959 801 17458
2056 727 17418
2033 855 17507
2145 866 17414
1983 926 17472
2009 772 17252
2004 785 17375
1954 727 17210
1847 655 17183
1913 691 17068
1951 591 17136
1827 704 16953
1704 801 16964
1740 829 17081
1781 915 16977
1626 988 16884
1565 921 16806
1340 1057 17028
1495 990 16929
1448 1255 16659
1434 1150 16668
1321 1090 16711
1360 1068 16460
1359 1111 16376
1271 1155 16489
1342 1113 16693
1177 1060 16540
1276 961 16670
1360 710 16535
1311 564 16596
1282 462 16612
1432 319 16569
1229 306 16679
1435 271 16627
1393 364 16646
1468 457 16623
1410 467 16770
1670 550 16693
1762 657 16731
1767 624 16761
1737 310 16953
1803 240 16951
1837 203 16821
2066 165 16919
2003 227 16852
1977 218 16934
1951 309 16839
2049 271 16858
2075 65 16690
2016 236 16991
1927 236 16935
2285 307 17010
2110 52 16981
2261 94 16711
2261 -27 16880
2293 62 16761
2053 -8 16964
2234 80 16694
1992 60 16594
1980 236 16725
1866 294 16598
1947 453 16615
2022 496 16936
2047 809 16834
2112 953 16664
2111 938 16697
1854 655 16925
1810 506 16829
1629 443 16591
1769 188 16812
1799 155 16777
1859 106 16873
1847 92 16748
1879 101 16701
1916 240 16743
1915 195 16859
1982 335 16754
2089 400 16919
2045 273 17047
2172 301 16986
2203 412 16975
2150 367 17147
2236 416 17039
2176 399 17205
2308 407 17020
2188 398 17211
2308 457 17107
2180 446 17269
2361 280 17157
2359 336 17297
2466 392 17292
2278 472 17231
2300 565 17134
2261 598 17197
2152 634 17107
2088 816 16905
1999 690 17013
1840 710 16858
1854 624 17061
1911 719 16895
1687 662 16946
1742 660 16821
1764 747 16869
1916 871 17011
1763 778 16976
1714 790 16836
1734 500 16932
1823 552 16681
1859 412 16826
1993 408 16560
1979 366 16724
2047 313 16775
2091 252 16910
2297 186 16769
2283 81 16852
2309 86 16887
2164 70 17080
2201 13 17053
2168 -39 17089
2286 -158 17133
2329 -203 17110
2451 -522 17025
2440 -431 17037
2481 -599 17199
2505 -617 17099
2672 -696 17271
2716 -621 17282
2545 -623 17231
2612 -571 17163
2774 -434 17178
2630 -269 17032
2534 -264 17347
2384 -75 16966
2494 12 17155
2633 63 16981
2556 39 17132
2398 36 17043
2333 72 17138
2367 223 17157
2453 290 17138
2450 337 17018
2596 648 16936
2561 753 16976
2588 852 17086
2502 872 17245
2597 985 16948
2520 846 17124
2601 1181 16785
2572 1174 17005
2438 1204 17101
2620 1274 17039
2469 1262 17078
2455 1285 17015
2562 1275 17162
2583 1400 17116
2445 1250 16934
2451 1274 16976
2499 1273 16647
2521 1423 16655
2553 1245 16589
2374 1239 16903
2462 1322 16624
2483 1385 16756
2451 1445 16916
2491 1564 16797
2530 1483 16753
2479 1461 16673
2338 1324 16797
2370 1478 16627
2204 1417 16633
2073 1394 16521
2018 1293 16823
2160 1392 16532
2056 1386 16531
2023 1361 16651
2048 1297 16761
2064 1365 16711
1898 1231 16810
1839 1343 16830
1882 1291 16891
1847 1163 16935
2001 1042 17109
1830 991 17121
1955 953 16918
1847 857 16888
1849 809 16938
1914 810 16817
1658 813 16637
1820 808 16708
1698 827 16871
1603 947 17004
1845 890 16910
1806 883 17041
2028 898 17049
1959 715 17195
2033 659 16745
2080 691 16635
1855 598 16867
1945 703 16908
1635 983 16922
1783 1213 16951
1631 1252 17073
1525 1166 17257
1701 1081 17269
1655 893 17425
1915 899 17535
1934 870 17334
2081 863 17232
1910 818 17383
2139 821 17254
2153 712 17334
2162 655 17340
1992 524 17551
2167 283 17498
2047 258 17698
2163 292 17220
2090 101 17446
1978 202 17407
1836 295 17222
1687 547 17237
1523 735 17121
1436 974 16861
990 1195 16789
738 1302 16617
515 1605 16503
440 1780 16496
562 1945 16594
426 2488 16247
386 2590 16281
156 2898 16128
111 3005 15970
10 3179 16140
91 3152 16215
8 3194 16029
44 3096 15971
-22 3310 15563
169 3270 15571
108 3353 15554
45 2994 15395
92 2664 15454
319 2625 15975
678 2332 16030
834 1936 16629
1264 1392 17201
2571 781 17194
3153 241 17536
3764 -263 17604
4580 -1637 17620
5842 -6511 19268
8571 -31602 21507
14108 -22009 22410
11985 -7021 22912
8516 431 18030
4727 -843 18431
4522 -4724 17667
3117 -1493 16533
1240 -852 14915
550 -740 13371
193 -384 15290
185 -1651 15203
968 -2457 15597
762 -2438 16518
886 -1659 16086
1097 -1136 16762
1391 -1190 16778
2071 -1005 16790
1898 -1298 16778
2191 -1051 17075
2203 -1155 17175
2319 -1230 17275
2537 -1144 17258
2444 -1074 17179
2510 -924 17017
2485 -832 16968
2429 -718 16737
2479 -714 16675
2159 -967 16755
2177 -1310 17050
2370 -1847 16981
2404 -2066 16845
2403 -2067 16947
2559 -2133 17038
2682 -1941 16878
2729 -1752 17121
2744 -1471 17088
2578 -1203 17180
2438 -858 17091
2437 -694 17214
2365 -696 17259
2504 -761 17482
2769 -746 17244
2850 -801 17395
2714 -718 17232
2734 -750 17218
2688 -654 17091
3024 -628 17041
2684 -502 17011
2643 -522 17078
2727 -328 17073
2500 -302 16875
2580 -323 17091
2360 -215 17166
2576 -192 17139
2488 -381 16882
2531 -261 17073
2473 -224 16881
2538 -113 16948
2419 8 16840
2352 55 16925
2353 36 16884
2278 96 17113
2300 16 17242
2369 17 17217
2304 -31 17403
2214 -265 17361
2227 -271 17299
2230 -494 17413
2201 -455 17242
2282 -539 17165
2283 -621 17048
2414 -670 16959
2386 -475 16943
2466 -456 17066
2485 -431 17056
2646 -285 17184
2641 -374 17421
2743 -428 17432
2866 -584 17597
2826 -867 17675
2899 -900 17517
2797 -893 17471
2726 -790 17602
2817 -855 17342
2722 -794 17413
2773 -635 17508
2790 -516 17457
2759 -311 17525
2934 -234 17532
2968 -60 17486
3000 30 17304
3059 -43 17392
3087 17 17163
3017 91 17189
2831 164 17037
2757 -1 17165
2832 28 17098
2638 77 16871
2610 -29 16855
2543 -71 16812
2704 -8 16734
2579 2 16650
2564 -92 16606
2544 -79 16418
2507 -55 16323
2549 -172 16214
2095 -287 16094
2138 -252 16383
2001 92 16370
1980 337 16222
1890 475 16631
1677 797 16616
1673 956 16533
1579 810 16472
1556 714 16638
1597 595 16655
1526 394 16681
1422 296 16712
1338 353 16707
1483 412 16723
1502 526 16397
1433 513 16613
1436 596 16572
1311 897 16696
1360 1052 16594
1367 950 16766
1314 1122 16597
1407 1001 16713
1222 975 16715
1282 1095 16578
1185 985 16557
1203 1059 16659
1270 1096 16517
1239 1212 16177
1510 1524 16447
1291 1616 16316
1409 1668 16293
1502 1845 16419
1384 1945 16672
1455 2082 16413
1333 2261 16501
1479 2160 16624
1397 2286 16534
1430 2125 16657
1471 2016 16592
1537 1828 16496
1377 1420 16331
1367 1405 16603
1389 1377 16671
1356 1340 16536
1468 1264 16627
1405 1147 16482
1326 1271 16576
1219 1173 16710
1318 1020 16721
1336 1111 16712
1098 930 16645
1246 827 16805
1018 724 16731
1011 640 16805
865 523 16782
815 494 16732
720 531 16724
619 533 16669
712 492 16719
657 548 16577
616 243 16686
648 340 16831
500 500 16950
583 201 16951
479 149 17070
243 -98 16981
171 -297 17066
48 -542 17132
-61 -468 17115
2 -463 16902
-44 -439 17074
56 -374 16863
83 -167 17134
261 -52 17026
39 80 17233
227 -71 17300
310 -144 17404
90 -279 17449
193 -332 17316
176 -312 17303
89 -256 17302
220 -265 17181
161 -491 17193
136 -246 17091
218 -208 17180
342 -30 16972
303 30 16943
415 -77 17109
302 -253 17029
315 -431 17036
245 -534 17259
129 -724 17053
31 -676 16989
-95 -799 17097
-285 -733 16930
-179 -661 16946
-299 -655 16824
-223 -565 16646
-393 -585 16776
-293 -738 16817
-195 -688 16840
17 -724 16802
55 -679 17054
173 -804 16848
280 -907 16919
265 -844 16916
262 -1129 16681
142 -1250 16933
165 -1145 16869
-135 -1242 16818
-123 -1239 16776
-205 -1062 16893
-243 -982 16887
-316 -1052 16960
-359 -875 17022
-490 -896 16976
-380 -847 17034
-407 -884 16992
-337 -851 17102
-401 -777 17032
-391 -884 17105
-555 -926 17151
-414 -937 16912
-413 -861 17090
-462 -1007 17039
-345 -1040 16939
-466 -990 17113
-345 -1109 17132
-401 -999 17234
-491 -904 17106
-474 -847 17280
-491 -781 17266
-436 -817 17254
-426 -771 17321
-317 -729 17285
-413 -537 17329
-352 -572 17275
-357 -451 17385
-227 -546 17315
-267 -520 17282
-287 -486 17465
-267 -406 17406
-225 -391 17401
-34 -439 17331
-267 -527 17296
-192 -562 17360
-344 -801 17496
-337 -909 17443
-192 -920 17297
-259 -1010 17246
-184 -1100 17187
-145 -1102 17428
-162 -1045 17169
-230 -1057 17167
-245 -948 17176
-97 -836 17214
-218 -795 17288
-253 -648 17297
-206 -648 17242
-302 -517 17303
-310 -449 17180
-229 -530 17269
-249 -423 17398
-258 -367 17361
-133 -336 17468
-134 -430 17317
23 -517 17122
-67 -567 17172
-63 -636 17334
-48 -468 17018
-114 -517 17090
-80 -449 16966
-61 -371 16855
-169 -451 17049
-126 -354 17044
-23 -232 17061
-230 -130 17077
-76 -90 16976
-51 -151 17085
-21 79 17023
34 -43 16808
107 -58 16799
6 -60 16928
109 -185 16855
-16 -111 16919
-60 -107 16860
142 142 16571
-61 64 16639
26 242 16601
193 200 16738
-9 154 16466
-243 226 16423
-248 299 16547
-256 303 16544
-327 389 16585
-367 423 16585
-437 465 16614
-359 486 16583
-412 419 16704
-418 617 16681
-262 650 16820
-264 521 16563
-286 412 16769
-62 303 16827
-173 172 16877
-187 101 16791
-77 37 16696
-168 81 16929
-189 -83 16779
-68 -258 16855
-68 -380 16924
80 -503 17052
177 -570 16957
89 -558 16742
225 -590 17062
330 -457 17344
392 -532 17143
170 -528 17338
249 -598 17363
331 -535 17349
419 -495 17360
451 -329 17220
298 -164 17354
400 -188 17375
409 -98 17560
333 -95 17475
438 -151 17514
353 -181 17535
504 -45 17522
530 -19 17453
495 -86 17359
334 -208 17541
401 -305 17433
293 -499 17441
489 -520 17175
310 -314 17360
539 -464 17523
510 -408 17502
452 -271 17393
440 -197 17534
418 -115 17456
368 -15 17496
330 85 17315
257 72 17407
66 178 17256
63 198 17080
-64 216 17206
32 113 17195
-126 -8 16948
-85 -6 17015
-93 171 16786
-94 -204 16770
-122 -173 16680
-70 -361 16764
-118 -372 16693
-123 -501 16588
-143 -546 16594
-125 -504 16693
-273 -474 16802
-295 -259 16788
-240 -180 16740
-366 -96 16950
-267 200 16717
-281 227 16625
-186 309 16844
-67 461 16784
-101 508 16783
-16 580 16868
60 615 16834
227 478 16803
211 538 16711
103 476 16881
437 503 16977
369 391 16995
626 463 16891
663 483 16735
612 496 17041
539 480 16747
737 473 16904
669 444 16768
725 325 16666
476 423 16647
424 443 16680
350 441 16817
311 556 16757
334 560 16826
466 703 16640
170 615 16801
48 545 16856
44 559 16796
-13 346 16798
9 323 16863
-127 174 16647
115 141 16690
169 -25 16738
94 -141 16685
196 -267 16848
154 -263 16916
327 -380 16612
306 -455 16699
227 -265 16643
244 -386 16676
134 -385 16620
-4 -261 16671
-35 -118 16403
76 -54 16604
1 76 16629
78 5 16810
105 -150 16642
139 106 16795
134 39 17038
178 153 16951
66 130 16832
371 205 16919
336 240 16768
485 310 16895
481 268 17012
551 404 17077
706 384 17076
667 378 17162
694 394 17158
901 256 17267
901 254 17248
808 -41 17336
797 -123 17204
875 -243 17130
874 -533 17143
782 -555 17157
828 -713 17241
834 -972 17251
736 -1088 17402
887 -1105 17659
859 -1111 17356
891 -1186 17404
798 -1069 17314
824 -1053 17316
732 -972 17260
554 -966 17320
569 -782 17377
568 -681 17540
568 -387 17260
450 -335 17312
452 -296 17394
475 -4 17406
389 -291 17244
529 -288 17348
588 -224 17268
513 -308 17197
472 -226 17062
394 -205 17340
512 -351 17439
572 -315 17377
833 -161 17307
613 -190 17246
721 -214 17319
655 -343 17385
761 -328 17512
776 -311 17304
868 -292 17237
996 -374 17301
917 -476 17243
1112 -479 17300
986 -312 17284
1049 -309 17338
1072 -317 17550
981 -368 17609
1005 -372 17443
1156 -427 17491
1150 -433 17614
1127 -512 17390
1166 -469 17286
1004 -445 17575
841 -519 17358
1018 -339 17250
954 -338 17379
1055 -276 17171
923 -302 16996
716 -340 17127
584 -335 16985
760 -310 17121
659 -289 16988
593 -75 17112
589 -185 17203
686 -178 17124
778 -108 17062
746 -48 16950
779 -146 17022
695 -156 16992
740 -185 17051
883 -245 17043
526 -260 17027
944 -292 16996
908 -231 16985
1012 -282 16855
967 -168 16857
949 -81 16893
861 -51 16911
952 -23 16939
1066 64 16861
891 -105 16899
947 -120 17150
1212 -368 16757
1081 -449 16973
1232 -565 16972
1234 -677 16827
1407 -787 16896
1431 -780 16770
1337 -764 16649
1447 -864 16643
1455 -847 16674
1405 -800 17076
1551 -854 16597
1329 -871 17078
1283 -948 16691
1430 -964 17093
1723 -906 16727
1354 -855 17064
1524 -801 16893
1494 -672 16858
1685 -460 16937
1397 -475 16977
1435 -451 16704
1585 -400 16826
1225 -483 16880
1203 -421 16734
1229 -456 16875
1068 -447 16957
1076 -388 16709
867 -368 16670
1164 -203 16838
1176 -86 16881
927 35 16991
1101 111 16698
1112 287 16850
1287 250 16605
1263 294 16587
1112 226 16955
1078 352 16837
1036 245 16864
900 272 16832
928 190 16753
849 171 17065
1022 123 17096
1316 253 16997
1278 354 16938
1455 368 17018
1527 336 17022
1570 199 17033
1568 166 16990
1492 108 17103
1466 -59 17110
1453 -6 17059
1258 -168 17094
1312 -238 17160
1369 -469 17131
1263 -223 17115
1346 -88 17001
1217 -16 17043
1370 -9 16923
1463 129 17001
1728 169 17152
1387 71 17147
1149 37 17083
989 33 16916
1028 -33 17098
772 23 17124
926 57 17091
825 150 16931
782 287 16932
933 396 16787
1013 302 16930
977 495 16904
973 513 16905
943 350 16884
951 280 16754
1021 260 16841
1029 280 17024
1133 208 16902
1092 204 17060
1180 89 17045
1215 -49 16969
1281 -8 17077
1293 -159 17326
1469 -271 17102
1518 -375 17268
1659 -520 17306
1495 -552 17241
1639 -549 17399
1605 -474 17405
1593 -510 17188
1473 -501 17355
1714 -562 17299
1606 -601 17214
1625 -553 16952
1591 -798 17247
1599 -862 17199
1505 -850 17047
1559 -999 17073
1419 -879 16981
1426 -987 17092
1292 -855 17062
1251 -806 17041
1085 -726 17058
1154 -652 16947
1064 -617 16807
1017 -554 16894
1116 -474 16806
1114 -540 16851
1061 -444 16823
1135 -382 17102
1207 -508 17114
1031 -457 17003
969 -386 17104
1009 -326 16918
1015 -391 17082
965 -384 17033
974 -442 17157
985 -430 17028
899 -471 16907
1057 -450 16893
966 -400 16876
1105 -212 17003
1012 -181 17079
930 -135 17027
1001 -109 17047
971 -108 17035
1129 -32 17007
1169 -243 17092
1221 28 16912
1185 -21 17050
1188 238 16851
1265 142 16878
1200 184 16914
1042 151 17040
1011 221 17140
1053 357 17027
1014 449 17042
1214 578 16902
1218 528 16898
1167 688 17001
1244 460 17000
1254 431 16857
1310 431 17094
1228 340 16971
1270 381 17121
1099 312 17033
1110 338 16970
1250 473 17007
1249 524 17019
1284 638 16995
1348 694 17155
1323 623 17072
1339 482 17086
1386 477 17127
1440 389 17148
1334 457 17337
1427 537 17370
1379 653 17282
1368 872 17358
1609 1101 17493
1546 1108 17420
1289 1144 17370
1615 1245 17391
1489 1280 17349
1428 1321 17267
1460 1252 17272
1303 1035 17500
1320 863 17281
1270 765 17456
1136 769 17440
1217 884 17336
947 916 17543
918 793 17391
737 846 17349
395 825 17099
265 950 16963
107 1126 16775
-220 1357 16757
-347 1489 16519
-535 1811 16367
-917 2108 16155
-1153 2475 16216
-1345 3213 16067
-1634 3412 16087
-1738 3849 15903
-1884 4396 15909
-1871 4867 15851
-2061 5227 15818
-1948 5485 15499
-1512 5713 15344
-1487 5866 15375
-671 3988 16058
2574 -5628 14970
22318 -32764 21448
15364 -1070 25421
7418 15203 16929
4634 -11293 15279
5925 -2754 13139
3175 4669 14454
-301 1074 16351
-250 -1597 14908
272 3018 19014
504 -163 16538
1079 -2905 15237
706 -1072 18006
917 -789 16370
1228 542 16122
1256 1071 15721
1312 1111 15861
1621 801 15931
1650 467 16454
1985 562 16034
2226 -176 15891
1891 -207 16043
1765 -558 15604
1518 -888 15858
1455 -1279 15549
1379 -1345 15586
1125 -1802 15499
1177 -1852 15876
1328 -2092 16007
1514 -2489 16104
