-2428 1687 -3865
-2428 1687 -3865
-2428 1687 -3865
-2428 1687 -3865
-2428 1687 -3865
19116 -5543 -4183
19116 -5543 -4183
19116 -5543 -4183
19116 -4675 -13436
2968 -4675 -13436
2968 -4675 -13436
2968 -4675 -926
-5026 8485 -926
-5026 8485 -926
-5026 8485 -926
-1740 3386 -2660
-1740 3386 -2660
-1740 3386 -2660
-1483 2889 -4986
-1483 2889 -4986
-1483 2889 -4986
-1365 2321 -5651
-1365 2321 -5651
-1365 2321 -5651
-2831 1636 -1897
-2831 1636 -1897
-2831 1636 -1897
-2662 628 529
-2662 628 529
-2662 628 529
-2628 -360 574
-1604 -360 574
-1604 -360 574
-1604 -444 832
-162 -1980 832
-162 -1980 832
-162 -1980 841
1045 -3352 1865
1045 -3352 1865
1045 -3352 1865
1711 -4408 1958
1711 -4408 1958
1711 -4408 1958
2369 -5179 1371
2369 -5179 1371
2369 -5179 1371
2831 -4904 1399
2831 -4904 1399
2831 -4904 1399
2761 -4317 2042
2761 -4317 2042
2761 -4317 2042
2590 -4077 2794
2590 -4077 2794
2590 -4077 2794
2764 -4153 3132
2252 -4153 3132
2252 -4153 3132
2252 -4175 2947
1693 -4687 2947
1693 -4687 2947
1693 -4687 2839
1335 -5331 2583
1335 -5331 2583
1335 -5331 2583
959 -5800 2342
959 -5800 2342
959 -5800 2342
-17 -5590 1985
-17 -5590 1985
-17 -5590 1985
-1190 -4253 1419
-1190 -4253 1419
-1190 -4253 1419
-184 -3572 1131
-184 -3572 1131
-184 -3572 1131
1515 -3646 1390
1515 -3646 1390
1515 -3646 1390
2896 -3784 1782
2896 -3784 1782
2896 -3784 1782
2896 -4168 2011
4403 -4168 2011
4403 -4168 2011
4403 -4168 2106
5967 -4982 2106
5967 -4982 2106
5967 -4982 2106
7235 -6012 1860
7235 -6012 1860
7235 -6012 1860
7642 -7034 1107
7642 -7034 1107
7642 -7034 1107
7587 -7860 274
7587 -7860 274
7587 -7860 274
6890 -7931 -196
6890 -7931 -196
6890 -7931 -196
4236 -5536 471
4236 -5536 471
4236 -5536 471
1200 -3056 188
1200 -3056 188
1200 -3056 188
1156 -2094 -1242
-636 -2094 -1242
-636 -2094 -1242
-636 -2157 -2779
-3693 -1389 -2779
-3693 -1389 -2779
-3693 -1389 -4169
-6892 -975 -4169
-6892 -975 -4169
-6892 -975 -5550
-9412 -415 -5550
-9412 -415 -5550
-9412 -415 -6748
-11400 706 -6748
-11400 706 -6748
-11400 706 -7898
-12671 1820 -7898
-12671 1820 -7898
-12671 2107 -8356
-12776 2107 -8356
-12776 2107 -8356
-12696 1773 -8178
-12440 1773 -8178
-12440 1773 -8178
-12304 1485 -7838
-12304 1485 -7838
-12304 1485 -7838
-12300 1364 -7516
-12044 1364 -7516
-12044 1364 -7516
-12146 1259 -6705
-10866 1259 -6705
-10866 1259 -6705
-10934 1243 -5081
-6838 1243 -5081
-6838 1243 -5081
-6798 1041 -2745
882 1041 -2745
882 1041 -2745
7141 2499 -708
7141 2499 -708
7141 2499 -708
9229 4080 227
9229 4080 227
9229 4080 227
9562 3897 -355
9562 3897 -355
9562 3897 -355
9628 2360 -704
9628 2360 -704
9628 2360 -704
8854 2400 -623
8854 2400 -623
8854 2400 -623
8172 3063 198
8172 3063 198
8172 3063 198
10107 3416 -466
10107 3416 -466
10107 3416 -466
13169 3191 -1821
13169 3191 -1821
13169 3191 -1821
16298 2900 -2788
16298 2900 -2788
16298 2900 -2788
16280 2616 -3095
16280 2616 -3095
16280 2616 -3095
12912 2050 -3227
12912 2050 -3227
12912 2050 -3227
9890 736 -3930
9890 736 -3930
9890 736 -3930
6983 140 -4869
6983 140 -4869
6983 140 -4869
2820 -248 -5207
2820 -248 -5207
2820 -248 -5207
273 -1067 -5411
273 -1067 -5411
273 -1067 -5411
-1059 -1682 -5609
-1059 -1682 -5609
-1059 -1682 -5609
-1132 -1723 -6632
-1132 -1723 -6632
-1132 -1723 -6632
-1993 -1527 -7120
-1993 -1527 -7120
-1993 -1527 -7120
-2892 -2274 -5911
-2892 -2274 -5911
-2892 -2274 -5911
-1611 -2588 -5045
-1611 -2588 -5045
-1611 -2588 -5045
-366 -2387 -4764
-366 -2387 -4764
-366 -2387 -4764
-1119 -1747 -4525
-1119 -1747 -4525
-1119 -1747 -4525
-1219 -1454 -4196
-1219 -1454 -4196
-1219 -1454 -4196
-981 -1335 -3688
-981 -1335 -3688
-981 -1335 -3688
-1649 -1007 -2956
-1649 -1007 -2956
-1649 -1007 -2956
-3356 -124 -2588
-3356 -124 -2588
-3356 -124 -2588
-4333 696 -2511
-4333 696 -2511
-4333 696 -2511
-4651 1078 -2333
-4651 1078 -2333
-4651 1078 -2333
-4963 1279 -1905
-4963 1279 -1905
-4963 1279 -1905
-5353 1436 -1800
-5353 1436 -1800
-5353 1436 -1800
-4826 1433 -1939
-4826 1433 -1939
-4826 1433 -1939
-3633 1402 -1911
-3633 1402 -1911
-3633 1402 -1794
-2843 1653 -1794
-2843 1653 -1794
-2843 1653 -1938
-3043 2144 -1426
-3043 2144 -1426
-3043 2144 -886
-3143 2358 -886
-3143 2358 -886
-3143 2358 -185
-1840 2245 -185
-1840 2245 -185
-1840 2110 608
318 2110 608
318 2110 608
318 2206 1370
1524 2206 1370
1524 2206 1370
1524 2154 1768
1178 2154 1768
1178 2154 1768
1178 2067 2118
348 2067 2118
348 2067 2118
348 2055 2494
-664 2055 2494
-664 2055 2494
-664 2064 2675
-1672 2064 2675
-1672 2064 2675
-1672 1974 2708
-2377 1974 2708
-2377 1974 2708
-2377 1678 2712
-2545 1678 2712
-2545 1678 2712
-2545 1422 2727
-2023 1422 2727
-2023 1422 2727
-2023 1267 2696
-1463 1267 2696
-1463 1267 2696
-1302 1239 2596
-1046 1239 2596
-1046 1239 2596
-1178 1135 2426
-666 1135 2426
-666 1135 2426
-532 990 2267
-276 990 2267
-276 990 2267
-428 866 1862
-172 866 1862
-172 866 1862
-380 819 1445
-380 819 1445
-380 819 1445
-674 644 1271
-674 644 1271
-674 644 1271
-669 371 1221
-669 371 1221
-669 371 1221
-556 2 1115
-556 2 1115
-556 2 1115
-562 -276 1193
-562 -276 1193
-562 -276 1193
-708 -367 1569
-708 -367 1569
-708 -367 1569
-1067 -404 2021
-1067 -404 2021
-1067 -404 2021
-1235 -410 2586
-1235 -410 2586
-1235 -410 2586
-1182 -380 3296
-1182 -380 3296
-1182 -380 3296
-691 -233 4119
-691 -233 4119
-691 -233 4119
83 -52 5031
83 -52 5031
83 -52 5031
674 143 5859
674 143 5859
674 143 5859
935 344 6380
935 344 6380
935 344 6380
1233 481 6615
1233 481 6615
1233 481 6615
1281 708 6939
1281 708 6939
1281 708 6939
1029 822 7378
1029 822 7378
1029 822 7378
695 900 7592
695 900 7592
695 900 7592
608 1023 7674
608 1023 7674
608 1023 7674
948 1144 7874
948 1144 7874
948 1144 7874
1184 1200 8195
1184 1200 8195
1184 1200 8195
1245 1199 8399
1245 1199 8399
1245 1199 8399
1319 1122 8506
1319 1122 8506
1319 1122 8506
1198 1043 8970
1198 1043 8970
1198 1043 8977
830 1190 10001
830 1190 10001
830 1190 10076
499 1521 11100
499 1521 11100
499 1521 11259
755 1781 11771
755 1781 11771
755 1781 11737
1487 1868 12249
1487 1868 12249
1487 1868 12741
2261 1968 12741
2261 1968 12741
2261 1968 13091
2808 2139 13091
2808 2139 13091
2808 2139 13179
2857 2356 13179
2857 2356 13179
2857 2356 13098
2520 2577 13098
2520 2577 13098
2520 2577 13000
2410 2764 13000
2410 2764 13000
2410 2611 12724
2181 2867 12724
2181 2867 12724
2181 2865 12263
1577 2865 12263
1577 2865 12263
1577 2759 11820
717 2759 11820
717 2759 11820
556 2934 11919
-724 2934 11919
-724 2934 11919
-514 3282 12119
-1538 3282 12119
-1538 3282 12119
-1717 3187 11699
-693 3187 11699
-693 3187 11699
49 2785 11094
49 2785 11094
49 2785 11094
-494 2539 10729
-494 2539 10729
-494 2539 10729
-1604 2272 10396
-1604 2272 10396
-1604 2272 10396
-2605 2016 9904
-2605 2016 9904
-2605 2016 9904
-2894 1769 9131
-2894 1769 9131
-2894 1769 9131
-3071 1592 8292
-3071 1592 8292
-3071 1592 8292
-3293 1382 7269
-3293 1382 7269
-3293 1382 7269
-3808 1104 6029
-3808 1104 6029
-3808 1104 6029
-4161 656 4523
-4161 656 4523
-4161 656 4523
-3587 37 2983
-3587 37 2983
-3587 37 2983
-2806 -521 1558
-2806 -521 1558
-2806 -521 1558
-2736 -797 205
-2736 -797 205
-2736 -797 205
-3522 -1075 -1355
-3522 -1075 -1355
-3522 -1075 -1355
-3366 -1441 -2958
-3366 -1441 -2958
-3366 -1441 -2958
-1659 -1797 -4198
-1659 -1797 -4198
-1659 -1797 -4198
82 -1817 -4769
82 -1817 -4769
82 -1817 -4769
873 -1576 -5034
873 -1576 -5034
873 -1576 -5034
-127 -1241 -5444
-127 -1241 -5444
-127 -1241 -5444
-1053 -1309 -5976
-1053 -1309 -5976
-1053 -1309 -5976
-258 -1416 -6454
-258 -1416 -6454
-258 -1416 -6454
558 -1364 -7046
558 -1364 -7046
558 -1364 -7046
-32 -1074 -7800
-32 -1074 -7800
-32 -1074 -7800
-1264 -972 -8546
-1264 -972 -8546
-1264 -972 -8546
-1549 -921 -9134
-1549 -921 -9134
-1549 -921 -9134
-714 -749 -9598
-714 -749 -9598
-714 -749 -9598
-631 -309 -10184
-631 -309 -10184
-631 -309 -10184
-2469 117 -10772
-2469 117 -10772
-2469 117 -10772
-5065 240 -11268
-5065 240 -11268
-5065 240 -11268
-6102 294 -11726
-6102 294 -11726
-6102 294 -11726
-5961 472 -12207
-5961 472 -12207
-5961 472 -12207
-5474 689 -12699
-5474 689 -12699
-5474 689 -12699
-4110 1012 -13154
-4110 1012 -13154
-4110 1012 -13154
-2049 1424 -13494
-2049 1424 -13494
-2049 1424 -13494
-570 1575 -13785
-570 1575 -13785
-570 1575 -13785
247 1260 -14166
247 1260 -14166
247 1260 -14166
1105 845 -14653
1105 845 -14653
1105 845 -14653
1384 770 -14952
1384 770 -14952
1384 770 -14946
1005 520 -15202
1005 520 -15202
1005 520 -15272
853 176 -15528
853 176 -15528
853 176 -15399
971 -162 -15911
971 -162 -15911
971 -162 -15888
954 -433 -16144
954 -433 -16144
954 -433 -16278
181 -656 -16022
181 -656 -16022
181 -656 -15915
-996 -885 -15915
-996 -885 -15915
-996 -885 -15792
-1108 -1183 -15792
-1108 -1183 -15792
-1108 -1183 -15196
-1071 -1417 -15196
-1071 -1417 -15196
-1071 -1427 -14286
-1559 -1427 -14286
-1559 -1427 -14286
-1559 -1388 -13278
-2235 -1388 -13278
-2235 -1388 -13278
-2235 -1527 -12360
-1762 -1527 -12360
-1762 -1527 -12360
-1762 -1287 -11294
71 -1799 -11294
71 -1799 -11294
71 -2073 -9840
1845 -2073 -9840
1845 -2073 -9840
1845 -1998 -8126
2579 -1998 -8126
2579 -1998 -8126
2579 -1853 -6514
2827 -1853 -6514
2827 -1853 -6514
2965 -1861 -5059
2965 -1861 -5059
2965 -1861 -5059
2945 -1829 -3553
2689 -1829 -3553
2689 -1829 -3553
2750 -1711 -1913
1982 -1711 -1913
1982 -1711 -1913
1918 -1501 10
638 -1501 10
638 -1501 10
580 -1430 2274
-956 -1430 2274
-956 -1430 2274
-804 -1141 4787
-2084 -1141 4787
-2084 -1141 4787
-2695 -653 7240
-2695 -653 7240
-2695 -653 7240
-3009 -161 9505
-3009 -161 9505
-3009 -161 9505
-2654 68 11242
-2654 68 11242
-2654 68 11242
-1486 324 12545
-1486 324 12545
-1486 324 12545
-802 723 13442
-802 723 13442
-802 723 13442
-620 1089 13653
-620 1089 13653
-620 1089 13653
49 1502 13636
49 1502 13636
49 1502 13636
466 2013 13795
466 2013 13795
466 2013 13795
-609 2360 13887
-609 2360 13887
-609 2360 13887
-1871 2351 13542
-1871 2351 13542
-1871 2351 13542
-1684 2435 13160
-1684 2435 13160
-1684 2435 13160
-312 2684 12922
-312 2684 12922
-312 2684 12922
474 2905 12667
474 2905 12667
474 2905 12667
-162 3002 12200
-162 3002 12200
-162 3002 12200
-374 2988 11345
-374 2988 11345
-374 2988 11345
931 2815 10284
931 2815 10284
931 2815 10284
2314 2684 9154
2314 2684 9154
2314 2684 9154
2652 2289 7308
2652 2289 7308
2652 2289 7308
2514 1462 4780
2514 1462 4780
2514 1462 4780
2571 597 2080
2571 597 2080
2571 597 2080
2213 -71 -502
2213 -71 -502
2213 -71 -502
1720 -646 -2762
1720 -646 -2762
1720 -646 -2762
1634 -1190 -4595
1634 -1190 -4595
1634 -1190 -4595
983 -1524 -6266
983 -1524 -6266
983 -1524 -6266
-365 -1667 -7817
-365 -1667 -7817
-365 -1667 -7817
-1107 -1626 -9258
-1107 -1626 -9258
-1107 -1626 -9258
-618 -1467 -10215
-618 -1467 -10215
-618 -1467 -10215
486 -1141 -10819
486 -1141 -10819
486 -1141 -10819
1088 -939 -11188
1088 -939 -11188
1088 -939 -11188
1158 -890 -11432
1158 -890 -11432
1158 -890 -11432
1017 -882 -11800
1017 -882 -11800
1017 -882 -11800
886 -655 -12323
886 -655 -12323
886 -655 -12323
368 -707 -12830
368 -707 -12830
368 -707 -12830
223 -816 -13190
223 -816 -13190
223 -816 -13190
206 -697 -13293
206 -697 -13293
206 -697 -13293
193 -497 -13164
193 -497 -13164
193 -497 -13164
-68 -391 -12854
-68 -391 -12854
-68 -391 -12854
-257 -247 -12419
-257 -247 -12419
-257 -247 -12419
-291 37 -11927
-291 37 -11927
-291 37 -11933
-490 -114 -11421
-490 -114 -11421
-490 -114 -11424
-361 -428 -10656
-361 -428 -10656
-361 -428 -10658
-605 -803 -9634
-605 -803 -9634
-605 -803 -8791
-1860 -1088 -8791
-1860 -1088 -8791
-1860 -1088 -8415
-2552 -988 -8415
-2552 -988 -8415
-2552 -988 -8214
-2228 -866 -8214
-2228 -866 -8214
-2228 -967 -8073
-1906 -967 -8073
-1906 -967 -8073
-1906 -965 -7596
-1242 -1221 -7596
-1242 -1221 -7596
-1242 -1054 -6981
-972 -1310 -6981
-972 -1310 -6981
-972 -1385 -6673
-696 -1385 -6673
-696 -1385 -6673
-696 -1468 -6449
334 -1468 -6449
334 -1468 -6449
334 -1561 -5944
2372 -1561 -5944
2372 -1561 -5944
2372 -2181 -5132
2866 -2181 -5132
2866 -2181 -5132
2866 -2740 -4677
701 -2740 -4677
701 -2740 -4677
701 -2635 -4564
-766 -2635 -4564
-766 -2635 -4564
-733 -2214 -3628
35 -2214 -3628
35 -2214 -3628
99 -1133 -2521
1379 -1133 -2521
1379 -1133 -2521
2753 -174 -2226
2753 -174 -2226
2753 -174 -2226
2485 201 -2013
2485 201 -2013
2485 201 -2013
514 623 -1308
514 623 -1308
514 623 -1308
-2343 1056 102
-2343 1056 102
-2343 1056 102
-3816 1869 947
-3816 1869 947
-3816 1869 947
-3705 2640 929
-3705 2640 929
-3705 2640 929
-3642 2954 807
-3642 2954 807
-3642 2954 807
-4713 2953 1260
-4713 2953 1260
-4713 2953 1260
-5202 2899 1753
-5202 2899 1753
-5202 2899 1753
-3904 3246 2059
-3904 3246 2059
-3904 3246 2059
-1912 3375 2191
-1912 3375 2191
-1912 3375 2191
-784 2865 2251
-784 2865 2251
-784 2865 2251
-360 2004 2121
-360 2004 2121
-360 2004 2121
504 1110 2014
504 1110 2014
504 1110 2014
1493 250 2158
1493 250 2158
1493 250 2158
2083 -501 2197
2083 -501 2197
2083 -501 2197
2156 -1246 1996
2156 -1246 1996
2156 -1246 1996
1964 -1992 1652
1964 -1992 1652
1964 -1992 1652
1593 -2628 1554
1593 -2628 1554
1593 -2628 1554
1204 -3350 1522
1204 -3350 1522
1204 -3350 1522
181 -3870 1449
181 -3870 1449
181 -3870 1449
-1194 -3693 1580
-1194 -3693 1580
-1194 -3693 1580
-1647 -3197 1832
-1647 -3197 1832
-1647 -3197 1832
-1209 -2653 2137
-1209 -2653 2137
-1209 -2653 2137
-738 -2214 2432
-738 -2214 2432
-738 -2214 2432
-1181 -1449 2742
-1181 -1449 2742
-1181 -1449 2742
-2088 -328 2876
-2088 -328 2876
-2088 -328 2876
-2678 730 2802
-2678 730 2802
-2678 730 2802
-3049 1503 2954
-3049 1503 2954
-3049 1503 2954
-3414 1833 3333
-3414 1833 3333
-3414 1833 3333
-3058 2113 3307
-3058 2113 3307
-3058 2113 3307
-1721 2406 3045
-1721 2406 3045
-1721 2406 3045
63 2348 2876
63 2348 2876
63 2348 2876
407 1884 2600
407 1884 2600
407 1884 2600
-577 1136 2127
-577 1136 2127
-577 1136 2127
-1429 487 1933
-1429 487 1933
-1429 487 1933
-1176 133 2352
-1176 133 2352
-1176 133 2352
-841 -457 2509
-841 -457 2509
-841 -457 2509
-1132 -1290 2260
-1132 -1290 2260
-1132 -1290 2219
-1729 -1798 2219
-1729 -1798 2219
-1729 -1798 2203
-2284 -1877 2459
-2284 -1877 2459
-2284 -1877 2338
-2820 -1801 2594
-2820 -1801 2594
-2820 -1801 2693
-2939 -1898 2437
-2939 -1898 2437
-2939 -1898 1944
-2049 -1915 1944
-2049 -1915 1944
-2049 -1915 1404
-883 -1984 1404
-883 -1984 1404
-883 -1984 1272
-287 -1934 1272
-287 -1934 1272
-287 -1934 1183
-65 -1884 1183
-65 -1884 1183
-65 -1922 1117
194 -1922 1117
194 -1922 1117
194 -1887 1437
442 -1887 1437
442 -1887 1437
442 -1978 2008
104 -1466 2008
104 -1466 2008
104 -1378 2482
-1243 -610 2482
-1243 -610 2482
-1243 -653 1263
-4175 1395 1263
-4175 1395 1263
-4175 1702 1018
-6532 1702 1018
-6532 1702 1018
-6532 1636 1182
-5263 1636 1182
-5263 1636 1182
-5263 1588 1829
-1721 1588 1829
-1721 1588 1829
-1629 1055 2463
-2397 1055 2463
-2397 1055 2463
-2474 124 2856
-4778 124 2856
-4778 124 2856
-4858 -388 2505
-5114 -388 2505
-5114 -388 2505
-4038 -625 2066
-4038 -625 2066
-4038 -625 2066
-2383 -684 1868
-2383 -684 1868
-2383 -684 1868
-689 -679 1261
-689 -679 1261
-689 -679 1261
673 -596 556
673 -596 556
673 -596 556
1428 -372 148
1428 -372 148
1428 -372 148
1863 198 135
1863 198 135
1863 198 135
2971 765 456
2971 765 456
2971 765 456
4112 1082 813
4112 1082 813
4112 1082 813
4254 1106 898
4254 1106 898
4254 1106 898
3877 1082 923
3877 1082 923
3877 1082 923
3450 1322 1041
3450 1322 1041
3450 1322 1041
3370 1744 1265
3370 1744 1265
3370 1744 1265
3459 2143 1399
3459 2143 1399
3459 2143 1399
3135 2464 1612
3135 2464 1612
3135 2464 1612
2804 2659 2016
2804 2659 2016
2804 2659 2016
2647 2844 2309
2647 2844 2309
2647 2844 2309
2455 3020 2240
2455 3020 2240
2455 3020 2240
2112 3095 2164
2112 3095 2164
2112 3095 2164
1706 3019 2186
1706 3019 2186
1706 3019 2186
1087 2853 2107
1087 2853 2107
1087 2853 2107
549 2517 1781
549 2517 1781
549 2517 1781
367 2119 1537
367 2119 1537
367 2119 1537
-4 1676 1544
-4 1676 1544
-4 1676 1544
-680 1386 1916
-680 1386 1916
-680 1386 1916
-740 986 2191
-740 986 2191
-740 986 2191
-452 728 1917
-452 728 1917
-452 728 1917
-545 513 1580
-545 513 1580
-545 513 1580
-498 421 1450
-498 421 1450
-498 421 1450
-728 387 1323
-728 387 1323
-728 387 1323
-1424 348 1003
-1424 348 1003
-1424 348 1021
-2067 259 765
-2067 259 765
-2067 259 638
-2404 60 638
-2404 60 638
-2404 60 403
-2116 -113 403
-2116 -113 403
-2116 -113 17
-1247 -166 17
-1247 -166 17
-1247 -166 -337
-433 -213 -337
-433 -213 -337
-433 -39 -540
-68 -295 -540
-68 -295 -540
-68 -469 -803
189 -469 -803
189 -469 -803
189 -498 -1066
788 -754 -1066
788 -754 -1066
788 -876 -1044
917 -876 -1044
917 -876 -1044
917 -753 -767
329 -753 -767
329 -753 -767
329 -580 -476
-416 -580 -476
-416 -580 -476
-416 -495 -177
-805 -495 -177
-805 -495 -177
-874 -210 60
-1130 -210 60
-1130 -210 60
-1280 110 58
-1280 110 58
-1280 110 58
-1049 287 -150
-1049 287 -150
-1049 287 -150
-1051 482 -466
-539 482 -466
-539 482 -466
48 807 -669
48 807 -669
48 807 -669
264 1045 -749
264 1045 -749
264 1045 -749
176 1207 -731
176 1207 -731
176 1207 -731
-114 1293 -911
-114 1293 -911
-114 1293 -911
-415 1165 -997
-415 1165 -997
-415 1165 -997
-471 866 -1012
-471 866 -1012
-471 866 -1012
-314 432 -1121
-314 432 -1121
-314 432 -1121
-16 -83 -1445
-16 -83 -1445
-16 -83 -1445
57 -520 -1535
57 -520 -1535
57 -520 -1535
-305 -859 -1342
-305 -859 -1342
-305 -859 -1342
-906 -1074 -1122
-906 -1074 -1122
-906 -1074 -1122
-1450 -1238 -937
-1450 -1238 -937
-1450 -1238 -937
-1490 -1318 -758
-1490 -1318 -758
-1490 -1318 -758
-1024 -1451 -313
-1024 -1451 -313
-1024 -1451 -313
-909 -1314 30
-909 -1314 30
-909 -1314 30
-1556 846 723
-1556 846 723
-1556 846 723
-2826 811 1359
-2826 811 1359
-2826 811 1359
-1312 394 1121
-1312 394 1121
-1312 394 1121
485 255 1396
485 255 1396
485 255 1396
-1831 -49 1767
-1831 -49 1767
-1831 -49 1767
-4025 -518 1803
-4025 -518 1803
-4025 -518 1803
-5077 -908 1314
-5077 -908 1314
-5077 -908 1314
-5782 -960 479
-5782 -960 479
-5782 -960 479
-4685 -548 -218
-4685 -548 -218
-4685 -548 -218
-1957 129 -713
-1957 129 -713
-1957 129 -713
104 659 -1190
104 659 -1190
104 659 -1190
1052 1253 -1523
1052 1253 -1523
1052 1253 -1523
1439 1739 -1675
1439 1739 -1675
1439 1739 -1675
1102 2137 -1692
1102 2137 -1692
1102 2137 -1692
232 2381 -1716
232 2381 -1716
232 2381 -1716
-482 2430 -1922
-482 2430 -1922
-482 2430 -1867
-762 2331 -2123
-762 2331 -2123
-762 2331 -2282
-631 2179 -2026
-631 2179 -2026
-631 2179 -1971
-252 1966 -1715
-252 1966 -1715
-252 1966 -1558
135 1767 -1302
135 1767 -1302
135 1767 -910
374 1595 -910
374 1595 -910
374 1595 -426
423 1484 -426
423 1484 -426
423 1484 101
173 1455 101
173 1455 101
173 1455 442
-246 1361 442
-246 1361 442
-246 1361 645
-951 1331 645
-951 1331 645
-951 1315 850
-1889 1315 850
-1889 1315 850
-1889 1526 1248
-2926 1270 1248
-2926 1270 1248
-2926 1191 2244
-2656 1447 2244
-2656 1447 2244
-2656 1377 2986
-2579 1633 2986
-2579 1633 2986
-2579 1631 3783
-2755 1631 3783
-2755 1631 3783
-2755 1566 4590
-3181 1566 4590
-3181 1566 4590
-3181 1318 5396
-3526 1318 5396
-3526 1318 5396
-3470 1101 5891
-3726 1101 5891
-3726 1101 5891
-3756 886 6216
-4268 886 6216
-4268 886 6216
-4253 681 6422
-5021 681 6422
-5021 681 6422
-4881 278 6380
-5393 278 6380
-5393 278 6380
-4607 -247 6139
-4607 -247 6139
-4607 -247 6139
-2787 -782 6063
-2787 -782 6063
-2787 -782 6063
-1242 -1145 6300
-1242 -1145 6300
-1242 -1145 6300
-562 -1388 6893
-562 -1388 6893
-562 -1388 6893
-376 -1588 7433
-376 -1588 7433
-376 -1588 7433
-429 -1623 7994
-429 -1623 7994
-429 -1623 7994
-731 -1363 8811
-731 -1363 8811
-731 -1363 8811
-1180 -1204 9636
-1180 -1204 9636
-1180 -1204 9636
-1111 -1209 10137
-1111 -1209 10137
-1111 -1209 10137
50 -1054 10567
50 -1054 10567
50 -1054 10567
1398 -578 11323
1398 -578 11323
1398 -578 11323
1968 46 12542
1968 46 12542
1968 46 12542
709 210 13257
709 210 13257
709 210 13257
-1217 69 13338
-1217 69 13338
-1217 69 13338
-1292 153 13779
-1292 153 13779
-1292 153 13779
477 497 14546
477 497 14546
477 497 14546
2144 862 15441
2144 862 15441
2144 862 15441
2176 1147 16043
2176 1147 16043
2176 1147 16043
991 1281 15981
991 1281 15981
991 1281 15981
339 1470 15661
339 1470 15661
339 1470 15661
710 1789 15571
710 1789 15571
710 1789 15571
1190 2003 15748
1190 2003 15748
1190 2003 15748
749 1968 15834
749 1968 15834
749 1968 15834
-852 1840 15121
-852 1840 15121
-852 1840 15121
-2616 1718 14155
-2616 1718 14155
-2616 1718 14155
-2872 1772 13439
-2872 1772 13439
-2872 1772 13439
-2525 1863 13257
-2525 1863 13257
-2525 1863 13149
-2236 1662 13405
-2236 1662 13405
-2236 1662 13483
-1777 1332 13227
-1777 1332 13227
-1777 1332 12622
-1459 1269 12622
-1459 1269 12622
-1459 1269 12154
-826 1433 12154
-826 1433 12154
-826 1483 12108
387 1483 12108
387 1483 12108
387 1314 12330
1397 1570 12330
1397 1570 12330
1397 1804 12278
2058 1804 12278
2058 1804 12278
2058 1944 11924
2619 1944 11924
2619 1944 11924
2619 2210 11605
3354 2210 11605
3354 2210 11605
3553 2289 11282
3297 2289 11282
3297 2289 11282
2122 1952 10557
2122 1952 10557
2122 1952 10557
784 1389 9734
784 1389 9734
784 1389 9734
96 647 8823
96 647 8823
96 647 8823
-591 -208 7777
-591 -208 7777
-591 -208 7777
-1615 -1043 6697
-1615 -1043 6697
-1615 -1043 6697
-2475 -1745 5608
-2475 -1745 5608
-2475 -1745 5608
-2910 -2303 4542
-2910 -2303 4542
-2910 -2303 4542
-2879 -2788 3253
-2879 -2788 3253
-2879 -2788 3253
-2512 -3251 2002
-2512 -3251 2002
-2512 -3251 2002
-1593 -3655 682
-1593 -3655 682
-1593 -3655 682
-598 -3858 -487
-598 -3858 -487
-598 -3858 -487
-590 -3763 -1561
-590 -3763 -1561
-590 -3763 -1561
-765 -3447 -2539
-765 -3447 -2539
-765 -3447 -2539
-376 -3161 -3343
-376 -3161 -3343
-376 -3161 -3343
-48 -2926 -3777
-48 -2926 -3777
-48 -2926 -3777
-255 -2518 -4011
-255 -2518 -4011
-255 -2518 -4011
-629 -1838 -4083
-629 -1838 -4083
-629 -1838 -4083
-418 -1117 -4052
-418 -1117 -4052
-418 -1117 -4052
-177 -322 -3846
-177 -322 -3846
-177 -322 -3846
-190 359 -3840
-190 359 -3840
-190 359 -3840
-612 875 -4032
-612 875 -4032
-612 875 -4032
-855 1368 -4078
-855 1368 -4078
-855 1368 -4078
-428 1869 -4119
-428 1869 -4119
-428 1869 -4119
-267 2251 -4196
-267 2251 -4196
-267 2251 -4196
-1014 2467 -4165
-1014 2467 -4165
-1014 2467 -4165
-1705 2587 -3947
-1705 2587 -3947
-1705 2587 -3947
-1375 2628 -3908
-1375 2628 -3908
-1375 2628 -3908
-615 2470 -4003
-615 2470 -4003
-615 2470 -4003
-594 2032 -4247
-594 2032 -4247
-594 2032 -4209
-1230 1510 -4209
-1230 1510 -4209
-1230 1510 -4287
-1647 1073 -4031
-1647 1073 -4031
-1647 1073 -3956
-1696 854 -3956
-1696 854 -3956
-1696 854 -4292
-1695 685 -4292
-1695 685 -4292
-1695 545 -4596
-1994 545 -4596
-1994 545 -4596
-1994 731 -4613
-2557 475 -4613
-2557 475 -4613
-2557 463 -4645
-2574 463 -4645
-2574 463 -4645
-2574 282 -4730
-2166 538 -4730
-2166 538 -4730
-2166 658 -5104
-2103 658 -5104
-2103 658 -5104
-2103 666 -5656
-2222 666 -5656
-2222 666 -5656
-2057 447 -6170
-1801 447 -6170
-1801 447 -6170
-1844 157 -6363
-1588 157 -6363
-1588 157 -6363
-1578 -9 -6121
-2346 -9 -6121
-2346 -9 -6121
-3086 140 -5654
-3086 140 -5654
-3086 140 -5654
-3126 431 -5382
-3126 431 -5382
-3126 431 -5382
-2825 538 -5611
-2825 538 -5611
-2825 538 -5611
-2675 379 -6398
-2675 379 -6398
-2675 379 -6398
-2829 -126 -7737
-2829 -126 -7737
-2829 -126 -7737
-3911 -1040 -9196
-3911 -1040 -9196
-3911 -1040 -9196
-6172 -2191 -9776
-6172 -2191 -9776
-6172 -2191 -9776
-9479 -3083 -8732
-9479 -3083 -8732
-9479 -3083 -8732
-11122 -2555 -5431
-11122 -2555 -5431
-11122 -2555 -5431
-3111 2658 2482
-3111 2658 2482
-3111 2658 2482
-705 4228 3235
-705 4228 3235
-705 4228 3235
-3084 1836 1758
-3084 1836 1758
-3084 1836 1758
-1387 581 1064
-1387 581 1064
-1387 581 1064
815 306 131
815 306 131
815 306 131
714 213 -533
714 213 -533
714 213 -533
-1216 -7 -331
-1216 -7 -331
-1216 -7 -331
-2943 -407 466
